2e-10 7.2e-11
4.612e-09 7.188e-09
1.2668e-08 1.6128e-08
2.0578e-08 2.7398e-08
3.1594e-08 4.3604e-08
4.2676e-08 6.3968e-08
5.3168e-08 8.5612e-08
6.5312e-08 1.08182e-07
7.7078e-08 1.3049e-07
8.9422e-08 1.51478e-07
1.00532e-07 1.722e-07
1.12052e-07 1.94512e-07
1.32198e-07 2.1838e-07
1.38158e-07 2.39542e-07
1.55232e-07 2.65478e-07
1.84164e-07 2.84238e-07
1.8041e-07 3.0489e-07
2.05368e-07 3.5465e-07
2.15124e-07 3.10344e-07
1.93826e-07 3.31908e-07
2.07508e-07 4.20582e-07
2.20526e-07 3.74498e-07
3.00398e-07 4.61732e-07
2.47216e-07 4.12968e-07
2.6128e-07 4.36846e-07
3.19768e-07 5.04358e-07
2.91682e-07 4.828e-07
3.04178e-07 6.54986e-07
3.18982e-07 5.9548e-07
3.41814e-07 6.17672e-07
3.5082e-07 5.75472e-07
4.8766e-07 8.73614e-07
3.94444e-07 6.3751e-07
4.19454e-07 7.92156e-07
5.3078e-07 8.70452e-07
5.4854e-07 7.3157e-07
4.62396e-07 8.02788e-07
5.585e-07 7.34364e-07
5.59222e-07 8.69256e-07
5.58406e-07 8.23852e-07
5.34748e-07 9.58012e-07
5.4932e-07 8.24228e-07
5.96448e-07 9.38296e-07
5.88916e-07 8.93546e-07
6.83848e-07 9.83456e-07
6.31206e-07 1.09953e-06
6.48446e-07 9.46346e-07
7.25554e-07 1.05773e-06
6.8794e-07 1.09018e-06
7.5135e-07 1.07207e-06
8.41856e-07 1.06739e-06
8.16756e-07 1.14631e-06
7.65382e-07 1.19934e-06
7.85248e-07 1.11498e-06
9.34014e-07 1.15733e-06
8.21924e-07 1.22022e-06
8.82504e-07 1.28337e-06
8.74028e-07 1.42802e-06
8.9196e-07 1.3378e-06
9.80122e-07 1.27761e-06
9.33762e-07 1.37729e-06
1.1275e-06 1.34614e-06
1.02371e-06 1.41125e-06
1.00528e-06 1.48824e-06
1.05563e-06 1.59452e-06
1.08389e-06 1.5604e-06
1.06509e-06 1.46365e-06
1.15972e-06 1.68593e-06
1.11721e-06 1.58365e-06
1.13708e-06 1.53752e-06
1.29325e-06 1.59683e-06
1.18091e-06 1.68419e-06
1.27308e-06 1.642e-06
1.38154e-06 1.66331e-06
1.24487e-06 1.90303e-06
1.27186e-06 1.79063e-06
1.36655e-06 1.8134e-06
1.32572e-06 1.83201e-06
1.49363e-06 1.8794e-06
1.4403e-06 1.83269e-06
1.46751e-06 2.03809e-06
1.43332e-06 1.87592e-06
1.51986e-06 2.45606e-06
1.47224e-06 2.00485e-06
1.49983e-06 1.95636e-06
1.6733e-06 1.99136e-06
1.55054e-06 2.09257e-06
1.73099e-06 2.05944e-06
1.69866e-06 2.05831e-06
1.84605e-06 2.17951e-06
1.66117e-06 2.10638e-06
1.83152e-06 2.12759e-06
1.72179e-06 2.2481e-06
1.92657e-06 2.28344e-06
1.75332e-06 2.31245e-06
1.89007e-06 2.3063e-06
1.81554e-06 2.3581e-06
1.98732e-06 2.38056e-06
1.96496e-06 2.36153e-06
1.93403e-06 2.4974e-06
1.92729e-06 2.54267e-06
2.11524e-06 2.49374e-06
1.98397e-06 2.59525e-06
2.00721e-06 2.55588e-06
2.23385e-06 2.533e-06
2.06512e-06 2.7595e-06
2.10077e-06 2.72263e-06
2.12517e-06 2.77385e-06
2.2123e-06 2.61374e-06
2.27395e-06 2.7364e-06
2.20661e-06 2.80519e-06
2.30754e-06 2.80678e-06
2.4154e-06 2.80791e-06
2.29762e-06 3.03164e-06
2.33253e-06 2.81214e-06
2.54851e-06 3.00486e-06
2.39893e-06 3.04603e-06
2.42171e-06 2.97138e-06
2.6537e-06 3.68746e-06
2.88343e-06 3.18783e-06
2.72988e-06 3.36928e-06
2.74895e-06 3.27933e-06
2.79208e-06 3.23735e-06
2.99885e-06 3.07653e-06
2.63006e-06 3.32111e-06
2.73419e-06 3.15263e-06
2.92863e-06 3.262e-06
2.91755e-06 3.12167e-06
2.76035e-06 3.45548e-06
2.80526e-06 3.31683e-06
2.89489e-06 3.37018e-06
3.08447e-06 3.39033e-06
3.16565e-06 3.39579e-06
2.94061e-06 3.56634e-06
3.05192e-06 3.57908e-06
3.11547e-06 3.41057e-06
3.29011e-06 3.58963e-06
3.19319e-06 3.50502e-06
3.28676e-06 3.60102e-06
3.11955e-06 3.74915e-06
3.22317e-06 3.7802e-06
3.19882e-06 3.70604e-06
3.50592e-06 3.78498e-06
3.74568e-06 3.64037e-06
3.51938e-06 3.7359e-06
3.46604e-06 3.73606e-06
3.6408e-06 3.83383e-06
3.66579e-06 3.86731e-06
3.60601e-06 3.90189e-06
3.76188e-06 3.88524e-06
3.87118e-06 3.89286e-06
3.72591e-06 3.97572e-06
3.57616e-06 4.07711e-06
3.59486e-06 4.10783e-06
3.70772e-06 4.1023e-06
3.76028e-06 4.1777e-06
3.71514e-06 4.23737e-06
3.80686e-06 4.20944e-06
3.85182e-06 4.12532e-06
4.06178e-06 4.10611e-06
3.8585e-06 4.25603e-06
3.96661e-06 4.11082e-06
4.13028e-06 4.38838e-06
4.1125e-06 4.2736e-06
4.25144e-06 4.41136e-06
4.44852e-06 4.39826e-06
4.15069e-06 4.45911e-06
4.24396e-06 4.49117e-06
4.39225e-06 4.50228e-06
4.18079e-06 4.5243e-06
4.37308e-06 4.72411e-06
4.34869e-06 4.79549e-06
4.56925e-06 4.56148e-06
4.45546e-06 4.79786e-06
4.55544e-06 4.72588e-06
4.44475e-06 4.78623e-06
4.88256e-06 4.86975e-06
4.63337e-06 4.90547e-06
4.65691e-06 4.79426e-06
4.79854e-06 4.76537e-06
4.75595e-06 4.89072e-06
4.98803e-06 4.92388e-06
4.82831e-06 5.00569e-06
4.7886e-06 4.89789e-06
4.9005e-06 4.98085e-06
5.1179e-06 6.59643e-06
6.84295e-06 5.91173e-06
5.41262e-06 5.92901e-06
5.5314e-06 5.60283e-06
5.30215e-06 5.57787e-06
5.44003e-06 5.25684e-06
5.33457e-06 5.2249e-06
6.44108e-06 5.72102e-06
5.72379e-06 5.69665e-06
5.34834e-06 5.39636e-06
5.33112e-06 5.28984e-06
5.70433e-06 5.35943e-06
5.32399e-06 5.48779e-06
5.70226e-06 5.30709e-06
5.71285e-06 5.71472e-06
5.46295e-06 5.66038e-06
5.71594e-06 5.83177e-06
5.59848e-06 5.69907e-06
5.97183e-06 5.67584e-06
5.71474e-06 5.65013e-06
5.92029e-06 5.60556e-06
5.8444e-06 5.8054e-06
5.90193e-06 5.66257e-06
6.02451e-06 5.78667e-06
5.99229e-06 5.72122e-06
5.9211e-06 5.97547e-06
5.93305e-06 5.71475e-06
6.27058e-06 5.96381e-06
6.40075e-06 5.7925e-06
6.27242e-06 5.88086e-06
6.39332e-06 6.0137e-06
6.24371e-06 6.06436e-06
6.38565e-06 6.10257e-06
6.334e-06 6.09696e-06
6.42872e-06 6.02496e-06
6.33916e-06 6.26637e-06
6.62835e-06 6.24372e-06
6.55595e-06 6.1763e-06
6.613e-06 6.18474e-06
6.84651e-06 6.27057e-06
6.65882e-06 6.25527e-06
6.87673e-06 6.35598e-06
6.81194e-06 6.28433e-06
6.80792e-06 6.26041e-06
7.00538e-06 6.39307e-06
6.99677e-06 6.3803e-06
6.88156e-06 6.68562e-06
7.00636e-06 6.60155e-06
7.18985e-06 6.5883e-06
7.16443e-06 6.54702e-06
7.16062e-06 6.53416e-06
7.20475e-06 6.61923e-06
7.17229e-06 6.68485e-06
7.32553e-06 6.69841e-06
7.68208e-06 6.52233e-06
8.37707e-06 7.29179e-06
7.81891e-06 6.78806e-06
7.50967e-06 6.85574e-06
7.57914e-06 6.90041e-06
7.63138e-06 6.89896e-06
7.61232e-06 7.00892e-06
7.7335e-06 6.95455e-06
7.75165e-06 7.01181e-06
7.94908e-06 7.03838e-06
7.81709e-06 7.07106e-06
8.02077e-06 7.09223e-06
9.2929e-06 7.06221e-06
8.09878e-06 7.20892e-06
8.65781e-06 7.19287e-06
8.2333e-06 7.15549e-06
8.22202e-06 7.35871e-06
8.33023e-06 7.46165e-06
8.27755e-06 7.25771e-06
8.29011e-06 7.43439e-06
8.54689e-06 7.3414e-06
8.53635e-06 7.39568e-06
8.43656e-06 7.50061e-06
8.44928e-06 7.48845e-06
8.62695e-06 7.54678e-06
8.57241e-06 7.36993e-06
8.96106e-06 7.57741e-06
8.81145e-06 7.58081e-06
8.94869e-06 7.53183e-06
9.39195e-06 7.69099e-06
8.85268e-06 7.71142e-06
9.28525e-06 7.78275e-06
9.15639e-06 7.7363e-06
9.48346e-06 7.82762e-06
1.01407e-05 7.85033e-06
9.25789e-06 7.99105e-06
9.35254e-06 7.99507e-06
9.41818e-06 8.10225e-06
9.35734e-06 8.9832e-06
1.03547e-05 8.66499e-06
1.0065e-05 7.9594e-06
9.58466e-06 8.00844e-06
9.54523e-06 8.11298e-06
9.85205e-06 8.11373e-06
9.75049e-06 8.20672e-06
1.2622e-05 8.32473e-06
9.97365e-06 8.31419e-06
9.97622e-06 8.3297e-06
1.02673e-05 8.34629e-06
1.00823e-05 8.29683e-06
1.01107e-05 8.39077e-06
1.01817e-05 8.24221e-06
1.01325e-05 8.5489e-06
1.00939e-05 8.51784e-06
1.04227e-05 8.42628e-06
1.03688e-05 8.5784e-06
1.03613e-05 8.42514e-06
1.06725e-05 8.57873e-06
1.07369e-05 8.62138e-06
1.0821e-05 8.63084e-06
1.06151e-05 9.04725e-06
1.07226e-05 8.90611e-06
1.07992e-05 8.82348e-06
1.0687e-05 8.76967e-06
1.13632e-05 8.74813e-06
1.10517e-05 8.79603e-06
1.09998e-05 8.7187e-06
1.10855e-05 8.78356e-06
1.10646e-05 9.04372e-06
1.14778e-05 9.49024e-06
1.25172e-05 9.88297e-06
1.14808e-05 9.23263e-06
1.1481e-05 9.62768e-06
1.1989e-05 9.24802e-06
1.18134e-05 9.17915e-06
1.16715e-05 9.76946e-06
1.22169e-05 9.39582e-06
1.23821e-05 9.51855e-06
1.185e-05 9.35387e-06
1.2005e-05 9.62869e-06
1.19731e-05 9.37134e-06
1.18756e-05 9.33151e-06
1.21227e-05 9.75052e-06
1.22167e-05 9.50078e-06
1.2506e-05 9.47721e-06
1.24879e-05 9.44362e-06
1.30151e-05 9.41695e-06
1.26189e-05 9.70137e-06
1.22464e-05 9.7425e-06
1.23773e-05 9.75677e-06
1.26499e-05 9.78095e-06
1.25467e-05 9.7707e-06
1.2986e-05 9.92722e-06
1.27534e-05 9.83298e-06
1.29119e-05 1.001e-05
1.31588e-05 9.97396e-06
1.34502e-05 1.00969e-05
1.46841e-05 1.06714e-05
1.39239e-05 1.04248e-05
1.33005e-05 1.0029e-05
1.30116e-05 1.02331e-05
1.34389e-05 1.01664e-05
1.32748e-05 1.01801e-05
1.32969e-05 1.01542e-05
1.34182e-05 1.01872e-05
1.34936e-05 1.01557e-05
1.37023e-05 1.01173e-05
1.39684e-05 1.02766e-05
1.40137e-05 1.02084e-05
1.43637e-05 1.03161e-05
1.47983e-05 1.04373e-05
1.41208e-05 1.04309e-05
1.40892e-05 1.05277e-05
1.45678e-05 1.06601e-05
1.43265e-05 1.0503e-05
1.45627e-05 1.04918e-05
1.43399e-05 1.06572e-05
1.60669e-05 1.05593e-05
1.45312e-05 1.06105e-05
1.44566e-05 1.06822e-05
1.44314e-05 1.07473e-05
1.46488e-05 1.18468e-05
1.51757e-05 1.08027e-05
1.47741e-05 1.06509e-05
1.47292e-05 1.10953e-05
1.54121e-05 1.10015e-05
1.54187e-05 1.09827e-05
1.5032e-05 1.10696e-05
1.51227e-05 1.1098e-05
1.5228e-05 1.09401e-05
1.52683e-05 1.10445e-05
1.52324e-05 1.10576e-05
1.55817e-05 1.1099e-05
1.55035e-05 1.12016e-05
1.57509e-05 1.12292e-05
1.60823e-05 1.1288e-05
1.6014e-05 1.13207e-05
1.57806e-05 1.1332e-05
1.61784e-05 1.13877e-05
1.56818e-05 1.16387e-05
1.58724e-05 1.14973e-05
1.84285e-05 1.15205e-05
1.59566e-05 1.15641e-05
1.61479e-05 1.263e-05
1.82291e-05 1.24446e-05
1.63511e-05 1.16958e-05
1.63162e-05 1.17981e-05
1.6595e-05 1.17024e-05
1.6766e-05 1.17069e-05
1.67038e-05 1.14919e-05
1.73112e-05 1.17191e-05
1.80659e-05 1.1898e-05
1.72007e-05 1.21286e-05
1.70747e-05 1.18373e-05
1.77115e-05 1.21922e-05
1.99088e-05 1.24467e-05
1.77243e-05 1.22082e-05
1.77869e-05 1.20922e-05
1.74006e-05 1.22042e-05
1.75395e-05 1.22634e-05
1.76734e-05 1.22996e-05
1.78239e-05 1.21512e-05
1.76263e-05 1.23244e-05
1.78047e-05 1.24152e-05
1.94907e-05 1.27668e-05
1.77025e-05 1.22435e-05
1.80898e-05 1.24975e-05
1.79077e-05 1.25435e-05
1.80752e-05 1.25617e-05
1.83014e-05 1.2472e-05
1.82333e-05 1.25324e-05
1.83807e-05 1.23381e-05
1.83631e-05 1.25228e-05
1.88569e-05 1.2584e-05
1.89155e-05 1.24628e-05
1.86057e-05 1.2587e-05
1.892e-05 1.26729e-05
1.92175e-05 1.24862e-05
1.90083e-05 1.27278e-05
1.94112e-05 1.29207e-05
1.92941e-05 1.26866e-05
2.02067e-05 1.28452e-05
2.06328e-05 1.31159e-05
2.10445e-05 1.31152e-05
1.97426e-05 1.29996e-05
2.01836e-05 1.30493e-05
1.95562e-05 1.31191e-05
1.95853e-05 1.47303e-05
2.05226e-05 1.33431e-05
1.98164e-05 1.32074e-05
1.96226e-05 1.31148e-05
2.02935e-05 1.31663e-05
2.00136e-05 1.31883e-05
2.25296e-05 1.40859e-05
2.08749e-05 1.35209e-05
2.04288e-05 1.34588e-05
2.01079e-05 1.3307e-05
2.04282e-05 1.34165e-05
2.08192e-05 1.35094e-05
2.07173e-05 1.36739e-05
2.07084e-05 1.42523e-05
2.09735e-05 1.34454e-05
2.08704e-05 1.37235e-05
2.12808e-05 1.36658e-05
2.07747e-05 1.35688e-05
2.10549e-05 1.39687e-05
2.10597e-05 1.37985e-05
2.13207e-05 1.37583e-05
2.17763e-05 1.38309e-05
2.19579e-05 1.38894e-05
2.16149e-05 1.38457e-05
2.17083e-05 1.42177e-05
2.18317e-05 1.40155e-05
2.20316e-05 1.39704e-05
2.20687e-05 1.39877e-05
2.27542e-05 1.46273e-05
2.25216e-05 1.42426e-05
2.2458e-05 1.55756e-05
2.35417e-05 1.4556e-05
2.26776e-05 1.43528e-05
2.24754e-05 1.41367e-05
2.37155e-05 1.42082e-05
2.31865e-05 1.43075e-05
2.39738e-05 1.42496e-05
2.60002e-05 1.42825e-05
2.30687e-05 1.43945e-05
2.30399e-05 1.4625e-05
2.3221e-05 1.44326e-05
2.35344e-05 1.43692e-05
2.34115e-05 1.4729e-05
2.36459e-05 1.45755e-05
2.33395e-05 1.44894e-05
2.34576e-05 1.48089e-05
2.51551e-05 1.56749e-05
2.49385e-05 1.47771e-05
2.41679e-05 1.46072e-05
2.45564e-05 1.48583e-05
2.39436e-05 1.46816e-05
2.46351e-05 1.52604e-05
2.45397e-05 1.51901e-05
2.44564e-05 1.49539e-05
2.45749e-05 1.49829e-05
2.42067e-05 1.50904e-05
2.48415e-05 1.51008e-05
2.43914e-05 1.50928e-05
2.45157e-05 1.50048e-05
2.48151e-05 1.50551e-05
2.47603e-05 1.52091e-05
2.56919e-05 1.63865e-05
2.51137e-05 1.52783e-05
2.61574e-05 1.52653e-05
2.92249e-05 1.55242e-05
2.55234e-05 1.55208e-05
2.53015e-05 1.53884e-05
2.54503e-05 1.54724e-05
2.55953e-05 1.55165e-05
2.54899e-05 1.55093e-05
2.56584e-05 1.56222e-05
2.55922e-05 1.55285e-05
2.56424e-05 1.56548e-05
2.81686e-05 1.5606e-05
2.63318e-05 1.57434e-05
2.68269e-05 1.65881e-05
2.66789e-05 1.59856e-05
2.71135e-05 1.60693e-05
2.71538e-05 1.79381e-05
2.71124e-05 1.62069e-05
2.70097e-05 1.57971e-05
2.65054e-05 1.59853e-05
2.74304e-05 1.61326e-05
2.7195e-05 1.60817e-05
2.76551e-05 1.60377e-05
2.69744e-05 1.60012e-05
2.74456e-05 1.62714e-05
2.74003e-05 1.58639e-05
2.75898e-05 1.63996e-05
2.77466e-05 1.79535e-05
2.80072e-05 1.62009e-05
2.82856e-05 1.64279e-05
2.73882e-05 1.62476e-05
2.81965e-05 1.61998e-05
2.83023e-05 1.63476e-05
2.85447e-05 1.64194e-05
2.83588e-05 1.65009e-05
3.4266e-05 1.65465e-05
2.86361e-05 1.64376e-05
2.90464e-05 1.67395e-05
2.84773e-05 1.68684e-05
2.84493e-05 1.66414e-05
2.89509e-05 1.82896e-05
3.02076e-05 1.69145e-05
2.90636e-05 1.67093e-05
3.0156e-05 1.67509e-05
2.89729e-05 1.68775e-05
2.94084e-05 1.68733e-05
2.97974e-05 1.67199e-05
2.96482e-05 1.69046e-05
2.99761e-05 1.7178e-05
2.94561e-05 1.68873e-05
2.97868e-05 1.69691e-05
3.0017e-05 1.7154e-05
3.08744e-05 1.6945e-05
3.11877e-05 1.85941e-05
3.09133e-05 1.7215e-05
3.05636e-05 1.7211e-05
3.04882e-05 1.79713e-05
3.10674e-05 1.73053e-05
3.09809e-05 1.75503e-05
3.2598e-05 1.74343e-05
3.29445e-05 1.86443e-05
3.08636e-05 1.76713e-05
3.05199e-05 1.75431e-05
3.15157e-05 1.76229e-05
3.16601e-05 1.77003e-05
3.3796e-05 1.93161e-05
3.17869e-05 1.76941e-05
3.15194e-05 1.75208e-05
3.19868e-05 1.79634e-05
3.26211e-05 1.78147e-05
3.16546e-05 1.76486e-05
3.19929e-05 1.78054e-05
3.21002e-05 1.77707e-05
3.27994e-05 1.79776e-05
3.26407e-05 1.79191e-05
3.24889e-05 1.80465e-05
3.24863e-05 1.79907e-05
3.27858e-05 2.01535e-05
3.30185e-05 1.83514e-05
3.30443e-05 1.81426e-05
3.44495e-05 1.80135e-05
3.31379e-05 1.81965e-05
3.28743e-05 1.81491e-05
3.37981e-05 1.82851e-05
3.41246e-05 1.8399e-05
3.35313e-05 1.82924e-05
3.36612e-05 1.82617e-05
3.36277e-05 1.83511e-05
3.43132e-05 1.81396e-05
3.66553e-05 1.91909e-05
3.43674e-05 1.86012e-05
3.41048e-05 1.84545e-05
3.39532e-05 1.85543e-05
3.43087e-05 1.86545e-05
3.78356e-05 1.86493e-05
3.45784e-05 1.85878e-05
3.52186e-05 1.8682e-05
3.4927e-05 1.94842e-05
3.517e-05 2.14771e-05
3.57164e-05 1.92776e-05
3.63358e-05 1.88448e-05
3.59225e-05 1.91401e-05
3.50201e-05 1.93497e-05
3.63534e-05 1.9236e-05
3.52361e-05 1.91812e-05
3.6e-05 1.90707e-05
3.57183e-05 1.93595e-05
3.60685e-05 1.9096e-05
3.59711e-05 1.92946e-05
3.80927e-05 1.90053e-05
3.62073e-05 2.00943e-05
4.0797e-05 1.92262e-05
3.7033e-05 1.93787e-05
3.67736e-05 1.93831e-05
3.65815e-05 1.94722e-05
3.69551e-05 1.96774e-05
3.65303e-05 1.94851e-05
3.69154e-05 1.94972e-05
3.7296e-05 1.95273e-05
3.71168e-05 1.96799e-05
3.73424e-05 1.96278e-05
4.10102e-05 2.09361e-05
3.84515e-05 1.96976e-05
3.74472e-05 1.99429e-05
4.0204e-05 1.97879e-05
3.8917e-05 1.98008e-05
3.8151e-05 1.9731e-05
3.77597e-05 2.03078e-05
3.88321e-05 1.9827e-05
3.80247e-05 1.98425e-05
3.80407e-05 1.99972e-05
4.06632e-05 2.11557e-05
3.9277e-05 2.01866e-05
3.99391e-05 2.02015e-05
3.93722e-05 2.02384e-05
3.89106e-05 2.01385e-05
3.95107e-05 2.01644e-05
3.86342e-05 2.05257e-05
3.94819e-05 2.07721e-05
3.93031e-05 2.03116e-05
3.95237e-05 2.03868e-05
4.09861e-05 2.03894e-05
3.96815e-05 2.05405e-05
3.9979e-05 2.03935e-05
3.99665e-05 2.04386e-05
4.17202e-05 2.08091e-05
4.07436e-05 2.07843e-05
4.02104e-05 2.10143e-05
4.03079e-05 2.10448e-05
4.06627e-05 2.07658e-05
4.40226e-05 2.148e-05
4.43919e-05 2.08506e-05
4.11106e-05 2.07628e-05
4.20728e-05 2.09038e-05
4.11633e-05 2.08857e-05
4.09205e-05 2.10122e-05
4.18148e-05 2.1036e-05
4.19989e-05 2.08255e-05
4.1493e-05 2.10228e-05
4.16519e-05 2.08863e-05
4.17235e-05 2.2609e-05
4.34213e-05 2.10576e-05
4.22913e-05 2.10164e-05
4.26552e-05 2.10726e-05
4.41533e-05 2.1518e-05
4.25602e-05 2.42066e-05
4.31404e-05 2.18922e-05
4.31307e-05 2.18142e-05
4.3522e-05 2.12091e-05
4.30825e-05 2.15383e-05
4.40499e-05 2.16086e-05
4.3922e-05 2.14688e-05
4.33164e-05 2.16114e-05
4.65397e-05 2.15986e-05
4.38837e-05 2.14421e-05
4.34679e-05 2.17207e-05
4.41035e-05 2.17341e-05
4.60047e-05 2.16922e-05
4.37355e-05 2.17458e-05
4.57429e-05 2.20706e-05
4.4214e-05 2.18424e-05
4.40069e-05 2.19995e-05
4.44725e-05 2.17361e-05
4.49719e-05 2.16813e-05
4.45207e-05 2.21275e-05
4.46368e-05 2.15917e-05
4.54673e-05 2.19254e-05
4.57524e-05 2.21683e-05
5.17339e-05 2.21229e-05
4.65612e-05 2.22337e-05
4.57005e-05 2.24387e-05
4.77335e-05 2.24567e-05
5.06015e-05 2.2358e-05
4.67043e-05 2.20441e-05
4.71261e-05 2.25607e-05
4.75117e-05 2.30997e-05
4.80935e-05 2.28717e-05
4.65102e-05 2.26195e-05
4.63731e-05 2.26197e-05
4.70221e-05 2.2462e-05
4.65099e-05 2.25642e-05
4.77657e-05 2.30581e-05
4.7077e-05 2.28171e-05
4.70773e-05 2.30001e-05
4.71217e-05 2.28783e-05
4.97715e-05 2.28293e-05
4.87771e-05 2.28906e-05
4.87622e-05 2.31203e-05
4.80393e-05 2.30872e-05
4.78632e-05 2.29689e-05
4.77167e-05 2.30015e-05
4.76147e-05 2.29854e-05
