200 1833
0 22
0 27
0 31
0 36
0 52
0 75
0 77
0 81
0 86
0 88
0 96
0 105
0 109
0 129
0 130
0 131
0 135
0 146
0 155
0 177
0 192
1 19
1 31
1 45
1 57
1 63
1 67
1 75
1 88
1 105
1 111
1 124
1 150
1 162
1 170
1 180
2 8
2 21
2 32
2 37
2 38
2 46
2 59
2 92
2 100
2 102
2 106
2 109
2 116
2 128
2 136
2 147
2 148
2 149
2 152
2 156
2 163
2 170
2 176
2 179
2 191
2 199
3 5
3 18
3 40
3 63
3 132
3 135
3 151
3 174
3 177
3 184
3 185
3 188
3 195
4 15
4 20
4 36
4 41
4 47
4 53
4 59
4 63
4 65
4 82
4 116
4 129
4 163
4 170
4 185
4 186
4 188
5 8
5 10
5 24
5 28
5 39
5 55
5 76
5 79
5 93
5 111
5 128
5 146
5 160
5 164
5 175
5 177
5 182
5 191
5 192
5 197
6 28
6 63
6 70
6 71
6 73
6 76
6 77
6 78
6 81
6 105
6 111
6 112
6 114
6 128
6 129
6 144
6 172
7 37
7 56
7 61
7 121
7 138
7 155
7 158
7 173
7 191
7 199
8 11
8 24
8 26
8 48
8 52
8 60
8 78
8 82
8 83
8 84
8 92
8 108
8 110
8 135
8 166
8 174
8 182
8 199
9 21
9 29
9 38
9 40
9 55
9 57
9 58
9 64
9 78
9 83
9 103
9 105
9 121
9 143
9 144
9 159
9 171
10 24
10 25
10 35
10 39
10 45
10 52
10 66
10 85
10 98
10 101
10 107
10 118
10 128
10 143
10 152
10 165
10 176
10 183
10 195
11 19
11 24
11 42
11 52
11 69
11 76
11 79
11 90
11 91
11 97
11 103
11 117
11 132
11 134
11 141
11 142
11 149
11 160
11 168
11 176
11 190
12 19
12 29
12 39
12 44
12 50
12 63
12 70
12 73
12 82
12 111
12 117
12 118
12 128
12 131
12 148
12 151
12 169
12 172
12 195
12 196
13 16
13 20
13 42
13 56
13 57
13 58
13 62
13 68
13 81
13 86
13 87
13 110
13 147
13 166
13 175
14 25
14 48
14 62
14 72
14 87
14 95
14 116
14 121
14 149
14 151
14 175
14 181
14 188
14 194
15 23
15 33
15 38
15 41
15 43
15 68
15 74
15 86
15 110
15 118
15 120
15 121
15 127
15 162
15 173
16 26
16 31
16 112
16 123
16 127
16 128
16 135
16 148
16 154
16 160
16 161
17 25
17 41
17 42
17 43
17 49
17 50
17 53
17 79
17 81
17 82
17 87
17 104
17 106
17 108
17 115
17 128
17 132
17 134
17 138
17 141
17 152
17 183
18 21
18 23
18 29
18 57
18 66
18 101
18 114
18 149
18 152
18 156
18 168
18 186
18 187
19 27
19 33
19 56
19 70
19 72
19 78
19 83
19 87
19 106
19 136
19 160
19 186
19 192
20 27
20 49
20 79
20 88
20 104
20 111
20 128
20 134
20 158
20 165
20 173
20 185
20 186
20 192
20 195
21 39
21 59
21 66
21 73
21 93
21 95
21 113
21 115
21 117
21 118
21 123
21 126
21 131
21 135
21 144
21 145
21 150
21 153
21 161
21 166
21 167
21 168
21 178
21 185
21 189
22 37
22 60
22 66
22 85
22 126
22 137
22 162
22 182
22 184
22 196
23 51
23 56
23 59
23 73
23 75
23 90
23 91
23 107
23 109
23 111
23 128
23 134
23 146
23 160
23 173
23 179
23 188
24 49
24 56
24 73
24 78
24 88
24 110
24 120
24 129
24 137
24 147
24 155
24 185
25 26
25 40
25 60
25 69
25 73
25 75
25 78
25 117
25 134
25 138
25 142
25 146
25 147
25 160
25 162
25 163
25 173
25 178
25 182
25 198
26 36
26 55
26 61
26 63
26 68
26 71
26 73
26 81
26 101
26 109
26 131
26 134
26 136
26 137
26 149
26 153
26 159
26 179
26 187
27 60
27 66
27 86
27 95
27 138
27 150
27 153
27 173
27 175
27 178
27 187
27 196
27 198
27 199
28 52
28 66
28 67
28 97
28 106
28 114
28 124
28 140
28 183
28 187
28 188
28 197
29 42
29 43
29 48
29 80
29 91
29 109
29 113
29 114
29 123
29 130
29 133
29 136
29 182
30 37
30 42
30 52
30 64
30 65
30 70
30 79
30 80
30 97
30 138
30 148
30 149
30 172
31 39
31 60
31 64
31 70
31 76
31 80
31 87
31 121
31 130
31 141
31 154
31 155
31 177
31 185
32 33
32 55
32 76
32 77
32 96
32 131
32 132
32 139
32 154
32 170
32 183
32 197
33 34
33 35
33 39
33 41
33 44
33 46
33 50
33 53
33 61
33 65
33 72
33 75
33 86
33 91
33 101
33 104
33 116
33 125
33 133
33 142
33 149
33 169
33 179
33 181
34 35
34 36
34 59
34 66
34 83
34 116
34 120
34 125
34 137
34 147
34 171
34 182
34 192
34 196
35 57
35 88
35 90
35 101
35 124
35 136
35 147
35 155
35 156
35 161
35 166
36 43
36 61
36 82
36 85
36 105
36 109
36 115
36 121
36 141
36 143
36 148
36 155
36 178
36 182
36 197
37 38
37 40
37 55
37 68
37 98
37 99
37 101
37 103
37 112
37 134
37 143
37 171
37 180
37 186
37 188
38 59
38 70
38 72
38 74
38 77
38 81
38 92
38 107
38 120
38 127
38 137
38 166
38 179
39 44
39 56
39 72
39 103
39 113
39 137
39 160
39 166
39 183
40 52
40 63
40 70
40 74
40 86
40 101
40 112
40 114
40 125
40 151
40 160
40 168
40 174
40 176
41 48
41 50
41 60
41 63
41 94
41 103
41 120
41 143
41 173
41 177
41 187
42 46
42 61
42 66
42 72
42 91
42 118
42 134
42 140
42 152
42 162
42 171
42 173
42 175
42 176
42 180
42 199
43 45
43 56
43 60
43 66
43 69
43 81
43 89
43 94
43 98
43 100
43 101
43 102
43 107
43 110
43 132
43 141
43 145
43 161
43 162
43 163
43 168
43 192
43 197
44 70
44 71
44 88
44 92
44 99
44 113
44 117
44 118
44 131
44 148
44 163
44 166
44 196
45 48
45 53
45 59
45 66
45 101
45 105
45 112
45 135
45 161
45 163
45 182
45 187
45 194
46 51
46 61
46 80
46 84
46 89
46 114
46 129
46 143
46 148
46 149
46 169
46 175
46 179
46 192
46 196
47 62
47 63
47 73
47 94
47 96
47 122
47 130
47 140
47 142
47 149
47 156
48 66
48 70
48 75
48 80
48 97
48 98
48 109
48 116
48 122
48 143
48 154
48 167
48 182
48 183
48 194
48 197
49 58
49 59
49 69
49 73
49 90
49 97
49 101
49 104
49 113
49 121
49 139
49 141
49 144
49 157
49 159
49 173
49 178
49 181
49 187
49 194
50 88
50 103
50 116
50 142
50 154
50 159
50 161
50 177
50 178
50 185
50 188
51 60
51 64
51 77
51 80
51 83
51 97
51 119
51 131
51 133
51 134
51 135
51 139
51 142
51 150
51 152
51 156
51 158
51 174
51 176
51 185
51 191
52 60
52 69
52 84
52 90
52 95
52 96
52 100
52 119
52 125
52 129
52 138
52 169
52 174
52 177
52 181
52 196
53 67
53 68
53 71
53 84
53 100
53 116
53 119
53 120
53 133
53 146
53 174
53 175
53 189
54 72
54 78
54 97
54 107
54 115
54 163
54 174
54 182
54 186
55 67
55 82
55 89
55 116
55 117
55 118
55 135
55 158
55 173
55 185
55 186
55 188
56 73
56 75
56 90
56 101
56 105
56 126
56 152
56 154
56 180
57 61
57 66
57 76
57 78
57 90
57 91
57 98
57 105
57 128
57 145
57 147
57 155
57 195
58 65
58 69
58 91
58 92
58 105
58 109
58 115
58 134
58 136
58 150
58 163
58 173
58 199
59 89
59 93
59 105
59 112
59 122
59 123
59 164
59 167
59 189
59 194
59 196
59 199
60 72
60 75
60 94
60 104
60 106
60 122
60 132
60 148
60 151
60 156
60 161
60 185
61 65
61 83
61 89
61 107
61 114
61 118
61 120
61 131
61 135
61 146
61 165
61 169
61 179
62 67
62 79
62 93
62 103
62 104
62 127
62 133
62 137
62 158
62 179
62 182
62 183
62 185
62 186
62 193
63 65
63 82
63 112
63 133
63 151
63 157
63 166
63 184
63 192
63 199
64 75
64 78
64 79
64 91
64 110
64 111
64 121
64 122
64 134
64 163
64 173
64 190
64 193
65 66
65 71
65 74
65 85
65 92
65 132
65 143
65 167
65 173
65 182
66 88
66 89
66 92
66 98
66 99
66 101
66 106
66 120
66 134
66 145
67 72
67 93
67 146
67 162
67 166
67 167
67 185
68 79
68 90
68 118
68 142
68 199
69 86
69 87
69 95
69 104
69 113
69 123
69 124
69 125
69 137
69 141
69 152
69 153
69 160
69 177
69 181
69 182
69 183
69 186
69 189
69 199
70 72
70 86
70 90
70 102
70 109
70 111
70 132
70 146
70 165
70 197
71 74
71 89
71 90
71 101
71 125
71 128
71 129
71 132
71 145
71 150
71 168
71 192
72 121
72 132
72 142
72 153
72 184
72 191
72 194
73 80
73 95
73 105
73 120
73 132
73 135
73 177
73 180
73 186
74 108
74 124
74 135
74 137
74 145
74 169
74 175
74 192
74 198
75 79
75 89
75 101
75 109
75 116
75 129
75 162
75 183
75 189
75 194
75 196
76 84
76 86
76 87
76 94
76 122
76 132
76 148
76 152
76 153
76 158
76 159
76 167
76 173
76 182
77 92
77 95
77 106
77 109
77 116
77 129
77 141
77 145
77 146
77 147
77 150
77 163
77 171
77 181
77 183
77 196
78 82
78 84
78 102
78 115
78 122
78 130
78 132
78 133
78 148
78 149
78 153
78 162
78 174
78 179
78 194
79 91
79 101
79 116
79 118
79 131
79 144
79 150
79 193
80 89
80 90
80 100
80 108
80 121
80 123
80 140
80 144
80 152
80 155
80 169
80 177
81 82
81 93
81 104
81 111
81 114
81 127
81 141
81 159
82 86
82 94
82 106
82 107
82 108
82 109
82 110
82 112
82 117
82 140
82 144
82 150
82 151
82 156
82 160
82 161
82 165
82 175
82 187
82 191
82 193
82 198
83 87
83 90
83 113
83 138
83 150
83 158
83 185
83 199
84 88
84 117
84 140
84 155
84 187
85 97
85 106
85 107
85 142
85 143
85 150
85 151
85 155
85 170
85 173
85 174
85 189
85 196
85 197
85 199
86 102
86 107
86 109
86 115
86 116
86 124
86 134
86 138
86 146
86 155
86 156
86 170
86 173
86 187
86 191
87 91
87 95
87 108
87 112
87 115
87 125
87 132
87 136
87 144
87 152
87 155
87 197
88 109
88 115
88 119
88 127
88 131
88 133
88 138
88 146
88 164
88 169
88 177
88 191
88 197
89 103
89 109
89 122
89 127
89 132
89 133
89 156
89 173
89 182
90 95
90 116
90 118
90 127
90 173
90 174
90 182
90 188
90 193
91 103
91 115
91 144
91 161
91 185
91 189
91 194
92 107
92 114
92 118
92 136
92 139
92 169
92 173
92 180
92 192
92 197
93 114
93 115
93 117
93 124
93 125
93 129
93 138
93 142
93 165
93 166
93 190
93 192
94 102
94 103
94 160
94 168
95 101
95 106
95 135
95 158
95 164
95 170
95 175
95 186
95 190
96 110
96 130
96 131
96 155
96 156
96 158
96 165
96 171
96 179
97 101
97 105
97 130
97 145
97 149
97 151
97 153
97 156
97 166
97 167
97 169
97 178
97 181
97 196
97 197
98 111
98 124
98 162
98 166
98 185
98 186
98 194
99 107
99 125
99 133
99 139
99 156
99 160
99 170
99 180
99 190
100 106
100 119
100 124
100 134
100 136
100 141
100 154
100 175
100 180
100 184
100 191
100 192
100 195
101 102
101 113
101 125
101 126
101 157
101 159
101 168
101 172
101 182
102 107
102 120
102 136
102 149
102 153
102 178
102 186
102 197
103 108
103 113
103 118
103 123
103 138
103 150
103 157
103 158
103 166
103 173
103 177
103 181
103 188
103 190
103 196
104 114
104 116
104 117
104 137
104 149
104 157
104 159
104 187
105 106
105 111
105 114
105 118
105 139
105 141
105 148
105 156
105 157
105 158
105 169
105 171
105 174
105 199
106 108
106 113
106 116
106 141
106 156
106 178
106 182
106 195
107 124
107 126
107 129
107 130
107 170
107 199
108 116
108 188
109 112
109 131
109 138
109 140
109 149
109 167
109 182
109 186
109 190
109 191
110 170
110 172
110 180
110 191
111 116
111 152
111 173
111 175
112 113
112 119
112 123
112 125
112 128
112 130
112 149
112 159
112 164
112 188
112 192
113 139
113 145
113 149
113 151
113 153
113 156
113 157
113 194
114 131
114 139
114 180
114 185
114 188
115 117
115 126
115 127
115 129
115 139
115 143
115 157
115 158
115 172
115 174
115 177
116 130
116 132
116 137
116 138
116 143
116 149
116 150
116 151
116 153
116 158
117 119
117 129
117 140
117 154
117 158
117 159
117 165
117 180
117 194
118 119
118 120
118 127
118 128
118 139
118 149
118 150
118 159
118 196
119 123
119 125
119 126
119 129
119 131
119 136
119 149
119 153
119 171
119 173
119 185
119 187
119 194
119 195
119 196
120 124
120 125
120 151
120 152
120 153
120 164
120 173
120 182
121 122
121 133
121 141
121 169
121 191
121 196
122 133
122 142
122 147
122 164
122 178
122 190
122 191
123 138
123 140
123 146
123 147
123 154
123 155
123 156
123 160
123 177
123 179
123 180
123 190
123 194
124 132
124 138
124 139
124 142
124 148
124 161
124 162
124 179
124 180
124 191
125 127
125 135
125 149
125 158
125 168
125 189
125 197
126 128
126 133
126 134
126 136
126 146
126 150
126 164
126 178
126 192
126 193
126 196
127 152
127 156
127 163
127 166
127 184
128 133
128 139
128 141
128 161
128 180
129 138
129 139
129 161
129 167
129 189
130 143
130 151
130 176
130 177
130 180
130 181
131 149
131 162
131 173
131 191
132 134
132 142
132 148
132 156
132 162
133 135
133 137
133 149
133 153
133 187
133 197
134 138
134 141
134 144
134 155
134 162
134 169
134 189
134 194
134 196
135 142
135 151
135 160
135 162
135 163
135 170
135 182
135 183
135 187
135 192
136 191
136 196
137 168
137 177
137 189
138 146
138 154
138 157
138 172
138 193
139 143
139 150
139 159
139 161
139 185
139 194
139 199
140 150
140 160
140 176
140 181
140 182
140 185
140 187
140 199
141 155
141 156
141 193
142 163
142 180
143 155
143 191
143 196
144 164
144 171
144 184
145 148
145 155
145 164
145 165
145 174
145 176
145 183
146 155
146 157
146 163
146 171
146 195
146 199
147 161
147 198
148 162
148 169
148 175
148 194
149 150
149 185
149 187
149 195
150 166
150 168
150 170
150 172
150 177
150 198
151 154
151 161
151 166
151 172
151 176
151 192
151 196
152 164
152 178
152 194
153 164
153 171
153 172
154 160
154 161
154 169
154 170
154 172
154 191
155 159
155 188
155 190
155 191
155 193
155 199
156 161
156 185
156 193
156 197
156 198
157 174
157 188
158 183
158 185
158 186
159 182
159 187
159 188
160 162
160 165
160 193
161 163
161 165
161 168
161 182
161 191
161 195
162 175
162 182
162 189
163 186
163 192
163 195
163 196
163 198
164 166
164 173
164 174
164 185
165 175
165 188
166 171
166 197
167 169
167 171
167 173
167 185
167 191
167 192
168 174
168 175
168 178
168 190
168 195
168 196
169 175
169 178
169 189
169 196
169 198
170 178
171 174
172 184
172 194
172 197
173 188
173 191
174 177
174 181
174 189
174 190
175 195
176 181
176 186
177 183
177 195
177 197
178 179
178 198
178 199
179 190
179 199
180 190
182 191
182 195
183 191
183 192
183 199
184 190
185 191
186 189
186 197
187 190
187 191
188 195
188 198
189 193
189 198
190 193
191 199
197 199
