200 3141
0 9
0 17
0 20
0 29
0 36
0 43
0 53
0 54
0 65
0 66
0 75
0 79
0 80
0 88
0 92
0 101
0 106
0 112
0 113
0 114
0 117
0 128
0 135
0 137
0 141
0 150
0 156
0 161
0 166
0 170
0 172
0 176
0 180
1 4
1 10
1 11
1 13
1 28
1 32
1 34
1 37
1 38
1 44
1 48
1 52
1 55
1 60
1 62
1 71
1 92
1 102
1 133
1 144
1 147
1 149
1 150
1 153
1 156
1 160
1 161
1 165
1 166
1 171
1 177
1 180
1 183
1 185
1 196
2 4
2 12
2 15
2 18
2 25
2 28
2 29
2 35
2 36
2 40
2 42
2 55
2 58
2 62
2 73
2 79
2 84
2 92
2 98
2 100
2 102
2 109
2 125
2 133
2 137
2 143
2 147
2 151
2 154
2 160
2 172
2 173
2 197
3 5
3 13
3 15
3 17
3 23
3 25
3 40
3 44
3 49
3 58
3 70
3 75
3 81
3 88
3 94
3 105
3 110
3 135
3 136
3 140
3 141
3 143
3 160
3 161
3 167
3 172
3 180
3 185
3 191
4 7
4 14
4 18
4 38
4 51
4 68
4 76
4 92
4 94
4 107
4 123
4 128
4 133
4 153
4 156
4 164
4 171
4 175
4 183
4 189
5 6
5 9
5 12
5 22
5 34
5 40
5 44
5 51
5 57
5 59
5 66
5 68
5 69
5 84
5 86
5 87
5 99
5 102
5 105
5 109
5 124
5 137
5 143
5 144
5 148
5 158
5 171
5 176
5 182
5 188
5 197
6 10
6 11
6 12
6 15
6 27
6 29
6 37
6 42
6 46
6 65
6 66
6 72
6 77
6 85
6 88
6 101
6 105
6 118
6 120
6 121
6 122
6 124
6 126
6 129
6 131
6 139
6 145
6 148
6 149
6 151
6 163
6 165
6 188
6 196
6 197
6 199
7 18
7 22
7 24
7 28
7 31
7 44
7 51
7 59
7 62
7 65
7 70
7 71
7 77
7 79
7 83
7 87
7 88
7 90
7 92
7 114
7 123
7 124
7 127
7 129
7 131
7 141
7 155
7 161
7 166
7 167
7 176
7 186
7 190
7 192
8 9
8 11
8 13
8 14
8 16
8 19
8 39
8 56
8 70
8 75
8 77
8 80
8 92
8 100
8 103
8 105
8 110
8 114
8 121
8 124
8 128
8 135
8 152
8 156
8 157
8 163
8 170
8 175
8 182
8 185
8 199
9 10
9 16
9 20
9 22
9 23
9 27
9 28
9 29
9 31
9 33
9 39
9 45
9 47
9 48
9 61
9 72
9 76
9 79
9 93
9 94
9 103
9 106
9 112
9 116
9 129
9 132
9 133
9 148
9 152
9 163
9 166
9 168
9 170
9 174
9 175
9 177
9 183
9 186
9 187
9 198
10 13
10 15
10 33
10 43
10 46
10 48
10 51
10 63
10 64
10 65
10 70
10 72
10 73
10 92
10 97
10 104
10 109
10 114
10 134
10 138
10 160
10 173
10 174
10 189
10 191
11 25
11 30
11 34
11 36
11 41
11 48
11 51
11 54
11 69
11 75
11 76
11 77
11 107
11 112
11 114
11 121
11 126
11 127
11 129
11 132
11 138
11 147
11 158
11 160
11 162
11 176
11 179
11 184
11 187
11 189
12 23
12 28
12 31
12 36
12 51
12 54
12 64
12 73
12 80
12 83
12 85
12 86
12 94
12 98
12 103
12 104
12 108
12 109
12 115
12 119
12 127
12 143
12 144
12 151
12 161
12 173
12 179
12 183
12 186
12 187
12 191
13 21
13 31
13 34
13 43
13 45
13 46
13 49
13 51
13 54
13 60
13 66
13 70
13 97
13 112
13 120
13 123
13 125
13 126
13 129
13 132
13 141
13 145
13 147
13 153
13 159
13 168
13 169
13 175
13 180
13 181
13 186
13 189
13 190
13 192
14 18
14 33
14 35
14 37
14 40
14 47
14 52
14 53
14 54
14 58
14 62
14 77
14 79
14 81
14 85
14 97
14 103
14 115
14 118
14 133
14 134
14 135
14 136
14 140
14 149
14 160
14 163
14 165
14 167
14 169
14 178
14 184
14 188
14 191
14 193
14 199
15 23
15 24
15 29
15 54
15 56
15 75
15 77
15 78
15 85
15 102
15 109
15 110
15 117
15 118
15 123
15 127
15 133
15 138
15 140
15 142
15 149
15 153
15 157
15 167
15 171
15 172
15 175
15 176
15 179
15 186
15 188
15 199
16 26
16 28
16 30
16 52
16 56
16 67
16 70
16 77
16 89
16 106
16 107
16 120
16 121
16 129
16 139
16 148
16 155
16 162
16 166
16 172
16 176
16 186
16 187
16 199
17 21
17 26
17 32
17 39
17 44
17 51
17 54
17 67
17 71
17 72
17 74
17 76
17 95
17 101
17 103
17 107
17 110
17 113
17 120
17 122
17 131
17 134
17 141
17 142
17 153
17 159
17 161
17 165
17 167
17 168
17 174
17 177
17 186
18 24
18 28
18 39
18 43
18 54
18 55
18 58
18 61
18 63
18 68
18 72
18 74
18 76
18 83
18 85
18 89
18 99
18 107
18 110
18 126
18 160
18 162
18 165
18 182
18 183
18 192
18 194
19 21
19 26
19 32
19 39
19 40
19 46
19 49
19 52
19 54
19 57
19 58
19 60
19 76
19 80
19 85
19 86
19 87
19 95
19 98
19 107
19 109
19 111
19 117
19 119
19 130
19 142
19 149
19 160
19 165
19 173
19 179
19 197
20 39
20 55
20 58
20 67
20 94
20 99
20 101
20 103
20 114
20 117
20 118
20 127
20 147
20 152
20 155
20 157
20 159
20 168
20 172
20 188
21 25
21 28
21 32
21 36
21 38
21 40
21 42
21 43
21 60
21 61
21 63
21 66
21 67
21 71
21 81
21 86
21 88
21 89
21 92
21 103
21 106
21 109
21 113
21 118
21 119
21 155
21 159
21 165
21 167
21 168
21 170
21 171
21 172
22 25
22 29
22 36
22 37
22 41
22 67
22 84
22 86
22 91
22 97
22 103
22 105
22 112
22 119
22 121
22 129
22 147
22 152
22 157
22 158
22 160
22 163
22 173
22 177
22 182
22 187
22 190
23 27
23 29
23 33
23 36
23 39
23 41
23 42
23 52
23 58
23 68
23 69
23 70
23 82
23 87
23 90
23 115
23 116
23 122
23 128
23 130
23 133
23 138
23 139
23 140
23 142
23 150
23 156
23 157
23 159
23 166
23 171
23 182
23 184
23 185
23 193
23 196
23 199
24 26
24 35
24 46
24 53
24 58
24 60
24 65
24 72
24 74
24 78
24 82
24 83
24 88
24 101
24 102
24 109
24 118
24 125
24 127
24 128
24 166
24 176
24 190
24 191
24 193
24 195
25 29
25 38
25 42
25 50
25 67
25 70
25 75
25 78
25 80
25 93
25 94
25 113
25 121
25 124
25 126
25 140
25 149
25 150
25 160
25 180
25 182
26 29
26 30
26 37
26 44
26 46
26 56
26 58
26 61
26 66
26 73
26 74
26 84
26 93
26 97
26 98
26 104
26 106
26 120
26 123
26 124
26 129
26 130
26 131
26 134
26 142
26 151
26 152
26 156
26 158
26 164
26 167
26 170
26 172
26 178
26 188
26 195
26 199
27 47
27 52
27 54
27 58
27 61
27 72
27 76
27 79
27 83
27 85
27 87
27 90
27 91
27 93
27 95
27 99
27 100
27 106
27 122
27 124
27 127
27 130
27 136
27 145
27 149
27 162
27 172
27 174
27 184
27 189
28 36
28 39
28 56
28 57
28 63
28 67
28 70
28 75
28 81
28 82
28 100
28 102
28 113
28 118
28 119
28 121
28 123
28 126
28 127
28 141
28 142
28 143
28 160
28 164
28 169
28 170
28 173
28 177
28 179
28 186
28 187
28 188
29 31
29 49
29 55
29 58
29 64
29 66
29 70
29 72
29 80
29 81
29 94
29 100
29 124
29 134
29 140
29 161
29 163
29 165
29 172
29 174
29 175
29 182
29 183
29 185
29 187
29 188
29 196
30 31
30 33
30 54
30 60
30 74
30 77
30 84
30 90
30 91
30 94
30 96
30 98
30 108
30 110
30 117
30 119
30 124
30 132
30 134
30 136
30 144
30 160
30 162
30 174
30 183
30 184
30 185
30 189
30 191
31 32
31 34
31 40
31 41
31 49
31 57
31 78
31 95
31 97
31 106
31 152
31 155
31 157
31 167
31 172
31 173
31 174
31 181
32 39
32 51
32 57
32 65
32 68
32 78
32 80
32 84
32 85
32 87
32 92
32 143
32 144
32 151
32 184
32 192
33 37
33 42
33 47
33 54
33 59
33 60
33 63
33 84
33 108
33 111
33 124
33 126
33 134
33 137
33 140
33 151
33 152
33 158
33 171
33 174
33 179
33 183
33 184
34 40
34 43
34 44
34 45
34 46
34 52
34 54
34 57
34 68
34 73
34 77
34 78
34 81
34 88
34 100
34 101
34 105
34 110
34 118
34 125
34 141
34 164
34 165
34 168
34 179
34 185
34 187
34 189
34 192
34 194
34 197
35 42
35 44
35 50
35 58
35 59
35 91
35 102
35 104
35 113
35 115
35 117
35 127
35 128
35 139
35 140
35 156
35 157
35 158
35 162
35 164
35 176
35 179
35 185
35 193
35 195
35 198
36 43
36 44
36 50
36 78
36 81
36 89
36 90
36 115
36 118
36 154
36 156
36 158
36 167
36 184
36 189
37 38
37 55
37 68
37 70
37 81
37 83
37 112
37 115
37 127
37 131
37 136
37 142
37 145
37 148
37 154
37 167
37 175
37 178
37 179
37 181
37 182
37 187
37 188
37 197
37 198
37 199
38 39
38 51
38 73
38 79
38 91
38 92
38 111
38 113
38 123
38 127
38 128
38 130
38 140
38 146
38 149
38 153
38 154
38 155
38 161
38 165
38 166
38 192
38 194
38 195
38 196
39 47
39 52
39 53
39 62
39 66
39 69
39 78
39 80
39 93
39 105
39 111
39 116
39 125
39 130
39 133
39 144
39 148
39 149
39 161
39 163
39 165
39 167
39 172
39 186
39 187
39 192
39 197
40 45
40 46
40 49
40 52
40 62
40 72
40 80
40 82
40 84
40 92
40 94
40 108
40 109
40 110
40 117
40 127
40 150
40 157
40 161
40 165
40 187
41 42
41 46
41 52
41 53
41 62
41 65
41 67
41 74
41 78
41 82
41 85
41 86
41 109
41 128
41 131
41 137
41 142
41 143
41 144
41 146
41 152
41 158
41 162
41 164
41 173
41 176
41 181
41 182
41 184
41 187
41 189
41 195
41 199
42 50
42 53
42 54
42 57
42 72
42 77
42 94
42 104
42 112
42 114
42 130
42 132
42 138
42 144
42 145
42 147
42 153
42 160
42 163
42 166
42 184
42 185
42 197
43 44
43 55
43 59
43 65
43 70
43 78
43 79
43 89
43 101
43 106
43 110
43 121
43 128
43 130
43 138
43 141
43 178
43 180
43 187
44 57
44 71
44 90
44 91
44 96
44 100
44 102
44 107
44 115
44 124
44 125
44 126
44 130
44 132
44 150
44 155
44 167
44 182
44 187
44 190
44 191
45 72
45 75
45 76
45 82
45 98
45 101
45 104
45 119
45 123
45 126
45 135
45 141
45 152
45 154
45 156
45 163
45 165
45 168
45 174
45 180
45 181
45 189
46 51
46 63
46 64
46 69
46 74
46 85
46 90
46 99
46 104
46 105
46 106
46 111
46 113
46 116
46 124
46 129
46 132
46 133
46 135
46 136
46 138
46 144
46 150
46 155
46 160
46 166
46 179
46 191
46 195
46 198
47 48
47 49
47 55
47 59
47 62
47 68
47 76
47 84
47 89
47 95
47 108
47 110
47 113
47 114
47 116
47 128
47 129
47 131
47 133
47 134
47 139
47 146
47 149
47 157
47 158
47 168
47 172
47 175
47 178
47 185
47 194
47 196
48 53
48 54
48 56
48 58
48 62
48 79
48 86
48 94
48 96
48 105
48 109
48 116
48 132
48 137
48 140
48 145
48 152
48 163
48 177
48 180
48 181
48 185
48 187
48 199
49 61
49 67
49 72
49 81
49 82
49 83
49 105
49 107
49 120
49 124
49 128
49 140
49 144
49 157
49 160
49 167
49 192
49 193
50 53
50 58
50 70
50 78
50 79
50 91
50 106
50 107
50 109
50 113
50 120
50 131
50 132
50 133
50 136
50 137
50 138
50 139
50 140
50 153
50 155
50 159
50 171
50 176
50 178
50 181
50 182
50 187
50 190
51 56
51 57
51 60
51 68
51 76
51 82
51 89
51 90
51 94
51 95
51 99
51 110
51 111
51 118
51 121
51 131
51 137
51 150
51 158
51 162
51 164
51 165
51 176
51 180
51 195
51 196
51 199
52 54
52 60
52 62
52 67
52 69
52 87
52 89
52 92
52 93
52 103
52 111
52 115
52 120
52 122
52 150
52 160
52 168
52 170
52 173
52 184
52 190
52 195
53 68
53 76
53 79
53 91
53 97
53 111
53 115
53 118
53 136
53 139
53 148
53 153
53 162
53 171
53 176
53 179
53 184
53 187
53 189
54 57
54 68
54 82
54 87
54 89
54 91
54 100
54 103
54 110
54 112
54 121
54 122
54 133
54 136
54 141
54 146
54 147
54 149
54 153
54 164
54 175
54 176
54 179
54 183
54 186
54 195
54 197
55 62
55 63
55 68
55 69
55 81
55 82
55 95
55 96
55 101
55 102
55 104
55 109
55 116
55 121
55 123
55 133
55 138
55 161
55 171
55 175
55 181
55 188
55 189
56 58
56 65
56 70
56 71
56 81
56 92
56 105
56 108
56 109
56 110
56 121
56 127
56 131
56 144
56 149
56 152
56 182
56 199
57 59
57 65
57 76
57 78
57 80
57 83
57 86
57 88
57 94
57 98
57 100
57 106
57 113
57 118
57 127
57 142
57 153
57 155
57 156
57 157
57 168
57 173
57 176
57 186
57 190
57 192
58 62
58 68
58 87
58 89
58 98
58 101
58 120
58 133
58 135
58 143
58 147
58 150
58 154
58 170
58 187
59 63
59 80
59 81
59 83
59 84
59 90
59 91
59 107
59 115
59 120
59 130
59 141
59 144
59 157
59 165
59 166
59 167
59 184
59 187
59 195
59 198
60 78
60 80
60 85
60 92
60 98
60 99
60 103
60 109
60 113
60 117
60 124
60 132
60 134
60 139
60 147
60 155
60 158
60 170
60 171
60 186
60 187
60 196
61 62
61 78
61 81
61 85
61 93
61 102
61 112
61 119
61 126
61 128
61 141
61 149
61 150
61 154
61 158
61 164
61 171
61 174
61 177
61 180
61 192
61 196
62 65
62 71
62 91
62 99
62 104
62 105
62 112
62 114
62 124
62 131
62 137
62 148
62 151
62 152
62 155
62 159
62 162
62 163
62 167
62 171
62 179
62 196
63 64
63 70
63 71
63 76
63 93
63 104
63 113
63 139
63 144
63 149
63 157
63 161
63 164
63 171
63 172
63 175
63 189
64 65
64 69
64 70
64 87
64 89
64 96
64 97
64 103
64 107
64 117
64 120
64 121
64 132
64 138
64 143
64 144
64 157
64 165
64 173
64 179
65 75
65 76
65 85
65 87
65 130
65 136
65 141
65 142
65 144
65 146
65 156
65 158
65 160
65 163
65 168
65 175
65 177
65 178
65 179
65 198
66 75
66 79
66 87
66 91
66 92
66 105
66 107
66 114
66 122
66 125
66 126
66 127
66 133
66 135
66 154
66 160
66 169
66 172
66 173
66 174
66 188
66 194
67 71
67 72
67 81
67 94
67 98
67 100
67 104
67 106
67 113
67 114
67 115
67 121
67 134
67 140
67 155
67 156
67 163
67 167
67 168
67 174
67 175
67 180
67 196
68 72
68 76
68 77
68 84
68 91
68 97
68 101
68 105
68 116
68 120
68 127
68 138
68 142
68 143
68 153
68 164
68 176
68 181
68 184
68 185
68 193
68 196
68 198
69 74
69 77
69 82
69 86
69 91
69 93
69 100
69 101
69 102
69 111
69 115
69 117
69 123
69 125
69 128
69 143
69 146
69 149
69 153
69 158
69 160
69 162
69 166
69 174
69 178
70 77
70 87
70 89
70 98
70 114
70 122
70 123
70 129
70 131
70 142
70 156
70 160
70 166
70 175
70 181
70 192
70 193
70 198
70 199
71 75
71 86
71 90
71 99
71 100
71 102
71 103
71 105
71 118
71 119
71 126
71 134
71 142
71 143
71 148
71 151
71 153
71 155
71 158
71 177
71 179
71 181
71 183
71 188
71 192
72 79
72 83
72 91
72 94
72 96
72 116
72 130
72 158
72 163
72 166
72 176
72 183
72 194
72 195
72 198
73 74
73 78
73 79
73 83
73 94
73 96
73 98
73 108
73 112
73 115
73 120
73 131
73 145
73 150
73 152
73 155
73 167
73 171
73 180
74 75
74 92
74 95
74 107
74 109
74 112
74 118
74 121
74 131
74 138
74 140
74 151
74 163
74 187
74 195
74 198
75 76
75 89
75 91
75 95
75 96
75 102
75 125
75 132
75 134
75 138
75 140
75 141
75 143
75 148
75 149
75 152
75 178
75 188
76 87
76 90
76 116
76 119
76 131
76 133
76 138
76 141
76 157
76 162
76 179
76 184
76 195
76 196
76 199
77 94
77 97
77 105
77 106
77 113
77 121
77 127
77 142
77 145
77 150
77 152
77 157
77 159
77 160
77 161
77 172
77 177
77 178
77 181
77 184
77 189
77 190
78 89
78 97
78 101
78 102
78 114
78 117
78 120
78 124
78 134
78 138
78 152
78 163
78 169
78 174
78 179
78 183
78 190
78 196
78 199
79 83
79 85
79 87
79 116
79 119
79 130
79 135
79 140
79 143
79 156
79 166
79 179
79 190
79 191
79 192
79 195
79 198
79 199
80 82
80 97
80 98
80 104
80 128
80 136
80 137
80 143
80 147
80 153
80 156
80 160
80 162
80 168
80 173
80 187
81 90
81 99
81 100
81 102
81 104
81 105
81 108
81 114
81 138
81 139
81 141
81 144
81 150
81 152
81 154
81 164
81 165
81 169
81 177
81 189
81 190
82 88
82 102
82 111
82 113
82 120
82 128
82 138
82 148
82 150
82 159
82 169
82 174
82 177
82 178
82 179
82 180
82 184
83 87
83 89
83 101
83 109
83 146
83 150
83 157
83 170
83 176
83 184
83 187
83 189
83 190
83 193
83 194
84 85
84 90
84 95
84 102
84 103
84 105
84 106
84 109
84 110
84 138
84 141
84 159
84 161
84 162
84 163
84 164
84 170
84 175
84 186
84 196
84 198
85 92
85 98
85 121
85 122
85 154
85 157
85 160
85 166
85 183
85 197
86 87
86 92
86 103
86 122
86 138
86 143
86 150
86 162
86 166
86 167
86 173
86 183
86 197
86 199
87 92
87 96
87 98
87 107
87 109
87 110
87 111
87 119
87 125
87 133
87 135
87 138
87 141
87 142
87 147
87 174
87 178
87 194
87 196
88 90
88 93
88 129
88 132
88 136
88 143
88 144
88 146
88 149
88 152
88 165
88 169
88 185
88 186
88 189
89 95
89 97
89 99
89 112
89 116
89 121
89 127
89 131
89 133
89 136
89 147
89 150
89 161
89 162
89 167
89 173
89 180
89 184
90 93
90 110
90 116
90 123
90 129
90 131
90 133
90 137
90 154
90 165
90 178
90 188
90 193
91 92
91 94
91 97
91 107
91 114
91 118
91 121
91 124
91 125
91 138
91 140
91 141
91 148
91 153
91 164
91 175
91 182
91 183
91 189
91 191
92 103
92 105
92 111
92 129
92 130
92 135
92 158
92 159
92 167
92 173
92 176
92 178
92 187
93 96
93 97
93 98
93 104
93 105
93 113
93 116
93 135
93 136
93 148
93 153
93 165
93 181
93 182
93 191
93 192
93 195
94 96
94 97
94 100
94 109
94 111
94 116
94 124
94 139
94 143
94 147
94 150
94 157
94 158
94 160
94 164
94 169
94 174
94 178
94 181
94 182
94 184
94 191
94 196
95 97
95 111
95 112
95 114
95 150
95 152
95 164
95 170
95 173
95 195
96 98
96 100
96 105
96 113
96 115
96 126
96 128
96 133
96 138
96 141
96 152
96 155
96 161
96 165
96 168
96 172
96 178
96 179
96 184
96 197
97 138
97 140
97 149
97 154
97 161
97 169
97 172
97 176
97 193
98 102
98 111
98 116
98 125
98 142
98 148
98 156
98 158
98 162
98 165
98 167
98 177
98 182
98 185
98 187
99 106
99 109
99 111
99 122
99 128
99 132
99 134
99 136
99 147
99 148
99 149
99 152
99 153
99 166
99 168
99 189
99 194
99 195
99 199
100 106
100 108
100 109
100 112
100 115
100 121
100 128
100 135
100 138
100 141
100 148
100 151
100 159
101 105
101 108
101 111
101 118
101 120
101 122
101 126
101 132
101 134
101 142
101 148
101 149
101 151
101 156
101 165
101 166
101 169
101 180
101 199
102 103
102 109
102 112
102 114
102 119
102 129
102 132
102 135
102 139
102 140
102 147
102 150
102 158
102 160
102 179
102 197
103 115
103 122
103 131
103 134
103 142
103 144
103 160
103 163
103 168
103 176
103 185
103 186
103 197
104 115
104 118
104 119
104 132
104 148
104 158
104 159
104 161
104 170
104 182
104 185
104 187
104 194
105 113
105 117
105 118
105 123
105 130
105 137
105 140
105 141
105 145
105 160
105 168
105 172
105 175
105 184
106 112
106 120
106 127
106 131
106 132
106 146
106 149
106 155
106 163
106 165
106 174
106 176
106 177
106 183
106 184
106 192
106 199
107 114
107 118
107 124
107 130
107 131
107 140
107 143
107 144
107 148
107 152
107 160
107 162
107 169
107 180
107 189
107 191
107 196
107 198
108 123
108 131
108 148
108 149
108 156
108 160
108 161
108 167
108 174
108 179
108 196
109 111
109 122
109 146
109 151
109 153
109 165
109 168
109 176
109 177
109 184
109 186
109 195
110 120
110 125
110 129
110 132
110 139
110 147
110 154
110 155
110 161
110 179
110 181
110 184
110 192
110 195
110 198
111 117
111 119
111 127
111 139
111 141
111 152
111 154
111 155
111 158
111 162
111 165
111 169
111 173
111 177
111 181
111 185
111 188
111 195
112 126
112 161
112 162
112 174
112 177
112 178
112 183
112 184
113 116
113 126
113 128
113 132
113 148
113 150
113 184
113 188
113 196
114 118
114 123
114 126
114 127
114 129
114 134
114 137
114 150
114 166
114 169
114 191
114 192
115 127
115 129
115 131
115 138
115 142
115 161
115 163
115 166
115 167
115 181
115 184
115 199
116 123
116 125
116 150
116 151
116 177
116 181
116 183
116 187
116 190
116 196
117 129
117 135
117 140
117 145
117 146
117 148
117 157
117 161
117 163
117 167
117 174
117 178
117 180
117 185
117 194
117 196
117 199
118 124
118 133
118 139
118 149
118 150
118 159
118 161
118 167
118 170
118 172
118 173
118 182
118 186
118 193
119 127
119 135
119 140
119 144
119 148
119 158
119 161
119 165
119 166
119 172
119 174
119 175
119 185
119 191
119 192
119 194
120 127
120 134
120 141
120 142
120 150
120 151
120 154
120 156
120 158
120 159
120 169
120 176
120 181
120 182
120 186
121 126
121 133
121 134
121 140
121 160
121 166
121 177
121 179
121 190
122 132
122 135
122 139
122 144
122 145
122 148
122 159
122 160
122 165
122 167
122 175
122 177
122 179
122 190
122 197
123 132
123 147
123 151
123 159
123 160
123 163
123 169
123 174
123 176
123 179
123 182
123 183
123 189
123 194
124 128
124 141
124 147
124 148
124 153
124 154
124 165
124 174
124 185
124 188
124 195
124 198
125 142
125 153
125 155
125 159
125 161
125 169
125 184
125 195
125 198
126 157
126 166
126 167
126 173
126 175
126 182
126 184
126 189
126 190
126 197
127 151
127 153
127 155
127 171
127 172
127 177
127 181
127 187
127 190
127 195
128 132
128 138
128 151
128 153
128 159
128 162
128 180
128 186
128 187
129 130
129 134
129 138
129 142
129 145
129 153
129 160
129 166
129 169
129 174
129 180
129 195
129 199
130 133
130 135
130 139
130 141
130 142
130 145
130 151
130 159
130 168
130 176
130 184
130 190
130 196
131 146
131 160
131 161
131 171
131 174
131 185
131 196
132 142
132 145
132 147
132 161
132 165
132 168
132 175
132 183
132 197
133 135
133 136
133 137
133 143
133 159
133 170
133 172
133 184
133 185
133 192
133 199
134 143
134 145
134 152
134 153
134 159
134 166
134 168
134 172
134 186
134 188
134 192
135 143
135 145
135 161
135 164
135 168
135 172
135 188
135 189
135 191
135 196
136 141
136 149
136 151
136 160
136 168
136 173
136 188
136 190
136 197
137 144
137 147
137 149
137 153
137 155
137 176
137 183
137 185
137 187
137 193
137 194
137 198
137 199
138 140
138 150
138 157
138 166
138 175
138 179
138 182
138 183
138 190
139 141
139 145
139 151
139 158
139 167
139 168
139 183
139 184
139 197
139 199
140 146
140 152
140 153
140 165
140 171
140 180
140 198
141 151
141 153
141 154
141 157
141 159
141 173
141 178
141 182
141 185
141 188
141 195
142 150
142 151
142 152
142 157
142 172
142 191
142 192
143 149
143 156
143 178
143 184
143 187
143 194
144 161
144 173
144 174
144 175
144 177
144 178
144 182
144 186
144 188
145 148
145 151
145 155
145 156
145 158
145 161
145 163
145 169
145 172
145 176
145 182
145 183
145 184
145 185
145 190
145 198
146 154
146 157
146 180
147 148
147 151
147 154
147 159
147 161
147 162
147 167
147 169
147 171
147 177
147 181
147 190
147 197
147 199
148 159
148 161
148 165
148 171
148 196
148 197
149 156
149 157
149 159
149 163
149 172
149 180
149 182
149 183
149 191
150 156
150 165
150 166
150 167
150 174
150 177
150 187
151 153
151 160
151 166
151 168
151 169
151 171
151 173
152 154
152 156
152 160
152 163
152 177
152 178
152 186
152 187
152 188
152 195
153 158
153 159
153 163
153 166
153 167
153 183
153 187
153 192
154 158
154 159
154 172
154 174
154 179
154 183
154 188
154 192
154 197
155 164
155 175
155 184
155 190
155 191
155 194
155 198
156 163
156 184
156 192
156 198
157 169
157 174
157 176
157 186
158 163
158 164
158 167
158 170
158 176
158 190
158 193
159 164
159 166
159 168
159 177
159 191
159 192
160 188
160 189
160 197
161 165
161 166
161 167
161 168
161 169
161 177
161 182
161 185
161 188
161 189
161 191
161 194
161 196
161 198
162 167
162 172
162 191
162 192
163 165
163 173
163 174
163 178
163 184
163 185
163 187
163 194
163 196
164 167
164 171
164 183
164 189
164 191
165 180
165 184
165 185
165 199
166 182
166 189
166 192
166 196
167 171
167 174
168 170
168 173
168 187
168 192
168 198
169 178
169 186
169 188
169 189
169 194
170 175
170 178
170 184
170 185
170 188
170 189
170 190
171 185
171 186
171 188
171 189
172 180
172 184
172 185
172 187
172 190
172 193
172 198
172 199
173 175
173 179
173 185
174 179
174 181
174 184
174 190
174 194
174 199
175 179
175 181
175 184
175 189
175 198
176 178
176 183
176 186
176 192
176 193
176 195
177 186
177 188
177 190
177 197
178 185
178 187
178 199
179 181
179 182
179 195
180 181
180 182
180 184
181 185
181 191
182 186
182 187
182 188
182 194
182 197
184 191
184 196
185 187
185 188
185 190
185 191
185 198
186 189
186 192
186 197
186 199
187 190
187 191
187 194
187 197
188 189
188 199
189 192
189 193
190 193
190 197
191 193
191 195
193 196
195 199
196 199
