175 200
0 92
1 7
1 11
2 18
2 22
2 29
2 68
2 157
2 163
3 96
4 17
5 7
5 98
6 75
6 140
7 23
7 96
7 114
7 136
7 168
8 106
8 167
9 101
9 172
10 112
10 117
10 127
12 15
12 156
13 94
14 61
14 138
15 57
15 64
15 83
15 95
15 133
15 170
16 26
16 41
16 53
16 58
16 92
16 114
16 169
17 42
17 167
18 118
19 155
20 63
21 49
21 57
21 90
21 148
22 120
23 163
24 174
25 49
25 102
26 60
26 82
26 143
27 135
28 174
30 54
30 173
31 109
32 64
32 119
33 47
33 92
33 122
34 172
35 50
35 138
35 165
36 48
37 72
37 88
37 138
38 133
39 83
40 82
41 101
41 118
42 109
42 136
43 73
43 147
44 86
44 113
44 158
44 170
45 115
46 109
48 73
48 142
49 87
49 167
50 134
51 56
51 68
52 73
52 126
52 153
54 121
54 123
55 65
55 167
57 98
58 124
58 141
59 76
61 62
62 64
62 69
62 119
63 107
63 125
64 82
64 161
66 123
66 151
67 174
69 90
70 78
71 101
73 167
74 79
74 112
74 119
75 149
76 100
76 115
76 150
77 78
77 104
79 127
80 90
80 116
80 136
80 138
80 154
80 167
81 135
81 174
82 125
83 129
84 88
85 157
86 93
86 152
87 144
89 161
91 92
91 110
92 172
93 109
94 130
97 105
99 166
100 128
102 108
102 127
102 133
103 131
103 174
104 112
104 145
105 130
105 160
105 163
106 114
107 118
109 145
109 169
111 137
114 134
114 149
114 151
117 147
118 162
119 137
120 140
130 146
132 156
137 147
138 142
138 166
138 174
139 151
144 159
145 171
147 149
150 163
152 154
155 167
159 171
164 169
167 170
